0 21 25 30 8 32 35 36 24 8 28 34 27 29 27 30 19 27 25 42 20 9 28 24 10 37 29 29 39 24 24 28 7 15 34 30 41 17 21 36 35 47 30 18 23 39 30 22 29 15 29 2 36 22 17 24 22 34 18 10 32 24 32 24 32 23 21 23 19 25 29 2 12 22 47 15 29 33 19 20 9 35 12 39 32 29 29 24 38 33 27 31 25 32 38 28 27 13 25 21
21 0 40 23 10 36 25 29 39 13 39 40 31 32 26 16 35 20 5 27 37 25 24 21 35 29 18 29 10 15 37 36 24 39 24 46 31 38 20 41 41 28 42 13 22 29 25 26 24 36 24 10 22 17 5 23 20 31 15 29 25 17 33 13 39 12 18 43 10 20 29 26 27 29 23 23 25 23 30 18 21 27 16 22 11 26 38 15 24 28 27 30 17 32 26 31 14 16 7 28
25 40 0 29 22 26 33 7 40 25 39 12 19 20 18 26 35 27 35 10 7 34 37 3 39 37 33 2 17 13 43 46 36 35 37 13 29 25 17 25 24 38 23 24 10 15 9 44 26 13 10 43 21 42 21 24 31 22 17 34 31 6 35 29 29 15 28 29 41 26 20 22 29 19 24 5 24 40 28 32 35 21 7 13 42 47 24 36 9 12 23 27 26 14 23 38 27 33 13 17
30 23 29 0 33 31 34 16 28 26 13 24 31 21 21 22 25 16 25 26 31 15 41 16 26 15 9 9 32 30 21 20 21 16 25 14 25 28 29 30 22 18 18 29 22 24 19 17 25 44 24 30 28 28 21 19 21 25 20 28 28 37 26 37 27 35 20 26 11 40 36 20 17 25 26 31 32 27 26 31 21 37 20 22 30 21 35 23 30 29 10 35 16 29 21 31 18 15 34 35
8 10 22 33 0 24 29 8 11 37 16 23 37 23 27 26 28 22 26 35 6 23 22 39 32 41 22 37 18 20 24 20 43 29 30 13 22 31 30 23 43 32 20 20 37 22 40 32 11 31 22 25 17 37 27 47 30 23 11 21 37 19 5 33 18 10 30 27 33 48 6 33 36 40 20 23 40 27 25 23 15 6 20 33 19 14 9 12 23 32 27 36 29 39 16 31 19 16 22 14
32 36 26 31 24 0 19 15 14 12 25 30 36 14 43 10 25 6 30 35 23 12 23 44 46 11 19 10 31 32 24 5 13 21 18 25 40 16 19 33 39 14 46 9 16 38 44 19 47 21 46 31 12 28 20 33 39 29 21 33 15 40 45 40 24 14 22 12 35 9 19 13 33 28 23 11 18 6 27 20 18 18 26 27 25 15 43 24 30 38 26 18 23 28 36 36 32 2 26 22
35 25 33 34 29 19 0 29 28 22 29 38 17 35 11 24 25 35 31 14 31 23 3 27 38 14 25 12 28 20 43 24 13 21 12 26 29 32 39 5 24 21 5 21 33 21 22 34 29 40 33 26 30 17 18 31 12 15 14 11 25 33 28 34 28 22 25 21 43 24 28 29 40 3 19 29 45 20 25 14 39 17 12 36 35 30 32 22 25 37 42 41 25 23 21 18 10 38 20 39
36 29 7 16 8 15 29 0 34 34 44 42 24 15 22 14 26 28 20 28 14 24 42 35 35 34 32 16 14 32 14 16 25 32 43 17 36 35 39 34 15 32 41 34 27 31 43 36 42 26 25 32 17 26 24 24 30 23 37 24 21 30 30 44 35 27 41 17 25 36 27 25 18 27 29 25 29 4 27 23 43 18 13 15 20 7 18 26 30 21 28 4 19 41 7 8 25 34 35 4
24 39 40 28 11 14 28 34 0 25 11 20 14 40 33 32 24 23 22 18 38 10 25 19 7 17 23 30 27 35 11 23 18 29 26 22 11 30 24 21 43 24 39 40 21 25 13 18 5 22 41 15 22 6 18 33 20 31 25 4 36 7 17 10 11 12 18 33 26 16 15 38 23 34 30 25 10 23 31 39 32 20 37 13 26 19 27 32 41 34 13 40 17 23 5 23 31 42 19 13
8 13 25 26 37 12 22 34 25 0 23 14 25 10 38 22 10 18 28 10 29 17 37 18 44 36 38 36 16 17 31 24 30 8 20 32 21 31 26 25 27 18 31 41 28 29 26 21 14 20 30 37 9 34 29 35 25 20 27 27 8 33 30 26 30 25 5 31 26 39 24 27 37 20 26 28 20 41 18 32 24 40 35 16 46 27 43 20 43 25 20 16 25 26 39 37 35 18 25 36
28 39 39 13 16 25 29 44 11 23 0 20 26 27 25 20 22 35 27 26 11 36 6 17 46 31 35 21 30 32 5 28 46 19 22 35 5 28 16 20 22 34 23 20 16 25 44 25 25 31 28 31 28 25 17 31 13 24 12 16 32 34 33 26 24 42 41 3 29 19 42 13 28 10 19 6 34 26 12 21 46 40 12 29 13 19 37 42 25 27 31 17 25 35 27 37 24 16 15 13
34 40 12 24 23 30 38 42 20 14 20 0 14 27 24 20 24 36 9 15 23 16 25 32 27 33 35 16 17 16 38 8 21 29 14 37 39 28 40 20 27 16 29 33 31 25 24 21 12 5 18 33 39 32 14 21 24 14 47 20 23 23 40 23 32 15 9 12 40 22 22 28 18 31 24 29 37 28 29 23 17 24 21 29 15 20 32 25 13 14 38 44 17 30 14 26 22 12 30 32
27 31 19 31 37 36 17 24 14 25 26 14 0 30 27 26 17 22 32 30 10 44 21 27 13 13 25 16 21 45 25 40 21 30 19 24 14 20 6 38 27 19 17 21 29 25 32 30 13 17 29 16 27 25 18 28 17 12 13 24 37 16 13 26 39 16 13 11 30 22 25 43 27 23 15 6 35 28 29 27 22 47 26 43 12 23 29 38 33 9 26 28 25 12 39 25 4 30 31 33
29 32 20 21 23 14 35 15 40 10 27 27 30 0 17 31 9 41 12 37 39 39 34 27 39 40 27 26 22 23 12 13 20 18 26 15 15 19 35 6 35 23 15 18 20 37 8 18 20 13 14 21 19 14 31 16 19 7 14 22 19 31 12 37 11 41 11 12 41 39 25 15 17 31 17 18 41 17 42 41 40 22 22 40 39 35 23 33 18 42 15 36 23 27 41 47 28 30 36 28
27 26 18 21 27 43 11 22 33 38 25 24 27 17 0 25 32 36 26 17 22 14 36 30 30 11 20 7 19 28 17 32 29 29 16 45 22 20 18 36 34 20 11 27 32 26 17 31 28 24 43 24 40 36 27 18 12 9 31 30 35 40 43 31 38 29 28 21 25 17 32 14 22 22 27 8 13 26 34 28 28 20 20 37 25 31 21 12 9 30 20 16 26 16 22 20 31 35 5 32
30 16 26 22 26 10 24 14 32 22 20 20 26 31 25 0 30 43 30 17 20 33 19 14 26 21 20 24 23 21 25 21 21 31 23 36 31 10 22 36 9 35 19 13 19 20 30 22 35 23 36 21 25 25 18 24 39 24 37 27 42 27 17 29 17 36 19 28 27 18 30 23 27 20 13 8 36 28 14 38 23 12 22 32 36 30 22 22 41 23 27 29 28 33 12 18 27 21 13 29
19 35 35 25 28 25 25 26 24 10 22 24 17 9 32 30 0 9 35 32 12 45 13 25 39 14 28 25 14 27 25 9 33 25 18 22 22 27 18 28 12 20 12 21 26 30 17 13 20 4 28 45 23 25 18 25 19 21 14 42 5 22 18 19 26 26 23 34 41 47 15 18 36 22 19 20 23 43 46 19 33 6 18 7 8 17 20 22 43 17 12 25 21 25 18 13 17 37 19 16
27 20 27 16 22 6 35 28 23 18 35 36 22 41 36 43 9 0 26 24 32 23 37 27 23 19 39 12 20 34 19 20 9 31 24 23 18 27 38 18 31 18 14 34 19 21 47 17 40 32 41 28 28 32 12 31 30 27 39 46 29 42 6 24 18 30 33 33 14 33 14 39 7 13 42 20 28 27 9 8 26 24 28 15 18 37 5 9 22 15 26 29 23 17 35 45 26 18 37 28
25 5 35 25 26 30 31 20 22 28 27 9 32 12 26 30 35 26 0 39 21 33 22 36 18 35 19 12 11 30 33 24 20 20 16 42 28 24 21 33 20 32 38 19 19 28 31 12 23 23 32 34 18 39 11 26 24 39 27 34 17 37 27 26 39 20 24 20 13 28 46 18 29 46 19 21 29 22 22 17 11 27 37 21 26 25 32 24 36 39 22 30 28 21 27 9 19 33 25 17
42 27 10 26 35 35 14 28 18 10 26 15 30 37 17 17 32 24 39 0 32 30 13 39 21 29 9 33 33 46 40 24 22 24 6 5 26 19 46 15 25 30 16 24 25 28 26 36 23 21 40 14 30 19 33 34 11 31 36 23 7 24 24 10 25 46 37 28 2 32 29 24 17 41 11 33 36 28 40 14 23 27 39 29 9 13 32 22 30 29 14 25 42 13 38 32 30 40 22 29
20 37 7 31 6 23 31 14 38 29 11 23 10 39 22 20 12 32 21 32 0 45 23 19 34 26 19 45 24 39 23 27 28 35 8 29 40 13 21 20 42 36 41 13 21 26 22 16 24 21 17 26 23 35 45 42 5 30 31 35 30 12 20 17 20 29 46 38 29 29 26 18 36 23 27 38 25 31 33 31 22 38 22 20 34 36 22 28 21 15 27 32 27 11 22 41 34 34 29 38
9 25 34 15 23 12 23 24 10 17 36 16 44 39 14 33 45 23 33 30 45 0 36 20 15 31 28 18 29 42 22 44 9 37 19 29 25 6 24 42 28 11 34 18 31 10 18 43 7 34 18 11 43 23 15 33 29 27 17 19 6 14 31 15 25 5 29 19 38 29 29 36 4 25 18 28 42 26 22 25 39 14 28 19 23 28 37 29 5 28 36 26 28 24 33 32 7 46 14 32
28 24 37 41 22 23 3 42 25 37 6 25 21 34 36 19 13 37 22 13 23 36 0 45 20 19 23 40 35 27 14 35 26 28 13 20 10 25 38 33 14 19 24 13 43 43 23 26 15 25 26 18 43 14 19 35 26 18 7 22 36 35 8 39 27 14 22 35 21 26 21 39 32 5 13 3 31 28 16 6 37 26 16 22 11 7 8 31 17 24 40 34 28 41 14 23 35 5 45 3
24 21 3 16 39 44 27 35 19 18 17 32 27 27 30 14 25 27 36 39 19 20 45 0 19 29 47 21 13 36 16 23 26 10 22 25 37 11 23 33 29 41 10 31 30 28 32 31 25 43 22 26 47 25 37 9 19 26 36 45 47 28 23 16 16 37 25 22 32 26 28 41 14 19 33 21 27 13 30 36 13 46 31 45 20 23 16 30 26 24 21 17 28 17 33 28 7 35 21 7
10 35 39 26 32 46 38 35 7 44 46 27 13 39 30 26 39 23 18 21 34 15 20 19 0 20 19 30 26 8 23 39 37 24 34 28 40 18 25 23 30 30 12 34 26 12 41 22 5 30 20 33 41 35 23 44 19 32 32 28 38 26 13 22 23 17 33 36 18 23 15 23 29 29 25 13 26 44 16 36 37 11 32 20 28 34 36 23 9 27 10 33 17 25 31 24 20 16 27 25
37 29 37 15 41 11 14 34 17 36 31 33 13 40 11 21 14 19 35 29 26 31 19 29 20 0 27 19 42 12 21 32 16 13 28 28 26 20 30 14 22 18 27 22 45 7 32 31 33 17 28 31 23 29 29 30 26 35 32 41 23 33 20 32 20 27 26 31 21 33 40 26 23 16 27 33 12 21 11 29 9 40 44 21 26 24 15 10 36 32 26 39 17 31 20 23 36 30 25 32
29 18 33 9 22 19 25 32 23 38 35 35 25 27 20 20 28 39 19 9 19 28 23 47 19 27 0 19 10 20 28 37 24 26 38 16 18 35 26 47 28 18 14 21 17 24 26 26 14 40 27 33 22 22 31 25 19 28 19 33 25 39 29 27 23 15 19 40 19 39 37 34 38 24 26 41 33 8 29 30 20 22 27 27 22 33 13 32 28 18 20 26 3 16 16 12 37 29 21 29
29 29 2 9 37 10 12 16 30 36 21 16 16 26 7 24 25 12 12 33 45 18 40 21 30 19 19 0 25 21 29 39 18 33 27 27 43 41 31 12 24 14 27 38 30 12 27 19 45 11 21 41 31 38 16 14 28 44 16 42 40 25 22 24 11 31 15 30 41 41 21 16 23 18 38 32 21 26 31 21 32 30 5 30 29 11 15 27 30 44 42 8 15 23 33 16 12 35 30 18
39 10 17 32 18 31 28 14 27 16 30 17 21 22 19 23 14 20 11 33 24 29 35 13 26 42 10 25 0 22 24 21 25 17 45 39 26 25 23 36 27 42 9 22 10 21 31 35 17 30 16 45 26 28 16 25 25 31 40 18 34 11 12 27 26 33 26 18 9 16 19 36 2 27 10 20 38 18 26 38 18 9 29 18 20 23 45 23 28 17 27 27 34 26 15 30 36 13 19 18
24 15 13 30 20 32 20 32 35 17 32 16 45 23 28 21 27 34 30 46 39 42 27 36 8 12 20 21 22 0 42 26 11 20 38 43 33 8 42 23 28 22 19 34 35 28 39 24 28 27 12 19 38 22 9 40 38 43 10 26 24 22 32 29 20 22 36 8 30 30 26 37 21 9 25 28 14 25 21 22 23 26 26 22 23 16 11 12 28 9 24 22 22 32 29 37 41 18 10 41
24 37 43 21 24 24 43 14 11 31 5 38 25 12 17 25 25 19 33 40 23 22 14 16 23 21 28 29 24 42 0 36 36 31 43 23 17 14 6 43 27 15 29 25 13 33 20 11 32 18 27 26 30 36 40 23 21 11 24 38 33 29 29 13 28 24 24 29 30 33 14 27 22 25 24 27 19 10 14 10 25 16 22 20 25 12 28 26 15 29 35 26 37 13 17 30 22 14 36 23
28 36 46 20 20 5 24 16 23 24 28 8 40 13 32 21 9 20 24 24 27 44 35 23 39 32 37 39 21 26 36 0 35 26 40 26 31 23 41 13 21 21 30 22 27 17 8 16 27 25 32 19 15 14 24 17 22 25 8 26 30 26 15 42 26 33 35 15 36 17 19 30 31 30 17 12 19 17 43 23 24 18 26 37 13 14 5 36 27 7 37 25 28 22 41 4 25 26 44 25
7 24 36 21 43 13 13 25 18 30 46 21 21 20 29 21 33 9 20 22 28 9 26 26 37 16 24 18 25 11 36 35 0 16 11 5 32 41 19 28 12 16 38 36 15 30 15 27 21 24 45 27 32 36 34 31 10 23 11 30 24 12 28 25 7 22 19 32 43 32 17 34 17 35 9 12 42 35 21 31 24 32 9 34 39 41 17 21 29 20 18 45 28 15 33 34 21 17 11 15
15 39 35 16 29 21 21 32 29 8 19 29 30 18 29 31 25 31 20 24 35 37 28 10 24 13 26 33 17 20 31 26 16 0 38 13 30 9 27 18 19 21 9 19 42 28 27 26 19 24 39 16 23 18 18 24 30 31 29 19 34 39 11 7 16 11 11 45 30 27 27 30 9 22 25 13 32 20 35 20 31 32 12 9 25 23 23 12 17 4 24 7 27 7 25 19 38 25 36 21
34 24 37 25 30 18 12 43 26 20 22 14 19 26 16 23 18 24 16 6 8 19 13 22 34 28 38 27 45 38 43 40 11 38 0 24 17 27 27 35 12 33 22 21 34 25 13 8 18 30 14 14 32 32 39 40 8 41 24 29 28 43 16 12 39 21 30 28 31 7 29 37 6 25 29 10 27 40 32 37 27 27 22 11 29 17 23 16 23 28 16 21 46 24 14 13 32 24 45 37
30 46 13 14 13 25 26 17 22 32 35 37 24 15 45 36 22 23 42 5 29 29 20 25 28 28 16 27 39 43 23 26 5 13 24 0 36 16 27 19 7 34 35 18 32 13 34 18 32 18 9 43 25 24 15 19 33 23 23 33 27 39 30 22 7 16 13 42 18 15 28 34 20 13 26 19 21 21 31 20 35 16 31 11 37 31 12 23 10 39 33 31 24 22 37 10 36 26 45 19
41 31 29 25 22 40 29 36 11 21 5 39 14 15 22 31 22 18 28 26 40 25 10 37 40 26 18 43 26 33 17 31 32 30 17 36 0 41 34 24 11 43 22 30 24 27 21 39 19 25 23 28 26 23 20 16 32 17 23 12 35 44 11 39 24 35 7 32 28 25 26 18 41 33 15 30 16 18 31 13 12 30 23 24 34 12 39 19 21 43 8 18 11 43 17 24 32 16 10 36
17 38 25 28 31 16 32 35 30 31 28 28 20 19 20 10 27 27 24 19 13 6 25 11 18 20 35 41 25 8 14 23 41 9 27 16 41 0 27 13 26 20 27 41 29 27 22 43 11 37 30 12 30 32 37 33 23 23 18 32 30 9 34 21 25 30 39 33 33 31 26 28 21 36 22 27 44 27 37 15 10 22 22 37 3 14 34 29 26 28 16 20 12 43 32 35 15 25 16 22
21 20 17 29 30 19 39 39 24 26 16 40 6 35 18 22 18 38 21 46 21 24 38 23 25 30 26 31 23 42 6 41 19 27 27 27 34 27 0 18 25 29 35 28 12 13 17 15 26 32 23 29 44 27 25 43 26 24 18 23 18 30 37 40 30 17 22 13 24 25 13 22 9 28 33 25 28 20 17 30 41 13 25 20 26 36 35 24 32 21 29 26 42 27 40 11 16 19 35 40
36 41 25 30 23 33 5 34 21 25 20 20 38 6 36 36 28 18 33 15 20 42 33 33 23 14 47 12 36 23 43 13 28 18 35 19 24 13 18 0 39 31 19 13 10 26 19 17 8 26 28 22 16 22 11 25 26 35 13 35 28 35 19 31 26 22 27 19 19 24 31 19 24 17 24 30 10 23 9 11 21 17 9 31 22 30 26 19 22 31 13 22 24 38 28 25 28 25 31 14
35 41 24 22 43 39 24 15 43 27 22 27 27 35 34 9 12 31 20 25 42 28 14 29 30 22 28 24 27 28 27 21 12 19 12 7 11 26 25 39 0 28 24 25 32 26 24 22 32 10 31 20 11 5 31 26 28 26 31 19 7 14 18 23 18 33 24 28 8 22 33 23 13 41 27 38 34 20 13 30 38 45 30 44 23 21 18 36 30 38 20 21 35 10 31 25 29 44 40 38
47 28 38 18 32 14 21 32 24 18 34 16 19 23 20 35 20 18 32 30 36 11 19 41 30 18 18 14 42 22 15 21 16 21 33 34 43 20 29 31 28 0 20 13 16 36 28 14 23 33 18 14 37 10 23 46 39 28 7 28 38 15 34 25 17 13 29 14 16 30 26 27 27 30 14 23 22 14 24 24 15 10 31 39 44 35 18 16 20 29 19 20 28 39 27 35 23 6 33 25
30 42 23 18 20 46 5 41 39 31 23 29 17 15 11 19 12 14 38 16 41 34 24 10 12 27 14 27 9 19 29 30 38 9 22 35 22 27 35 19 24 20 0 20 23 26 9 20 39 20 24 33 25 38 9 22 34 26 22 31 27 13 26 41 44 6 36 10 17 19 31 36 33 20 28 22 19 19 35 23 30 8 33 9 17 29 27 9 25 26 14 20 37 26 31 21 23 19 21 31
18 13 24 29 20 9 21 34 40 41 20 33 21 18 27 13 21 34 19 24 13 18 13 31 34 22 21 38 22 34 25 22 36 19 21 18 30 41 28 13 25 13 20 0 42 16 36 27 19 19 23 13 35 25 24 24 26 26 9 24 13 16 30 13 10 25 32 29 25 17 38 18 11 30 27 42 8 10 13 20 41 7 26 19 37 31 22 24 25 20 12 29 18 44 37 18 12 30 11 17
23 22 10 22 37 16 33 27 21 28 16 31 29 20 32 19 26 19 19 25 21 31 43 30 26 45 17 30 10 35 13 27 15 42 34 32 24 29 12 10 32 16 23 42 0 23 22 37 9 23 26 17 22 21 15 17 34 39 31 35 38 26 30 11 20 31 25 24 20 18 23 17 23 38 28 19 34 21 22 28 23 22 28 26 35 12 41 18 23 32 21 10 44 41 38 39 18 30 16 12
39 29 15 24 22 38 21 31 25 29 25 25 25 37 26 20 30 21 28 28 26 10 43 28 12 7 24 12 21 28 33 17 30 28 25 13 27 27 13 26 26 36 26 16 23 0 25 36 26 24 35 26 18 41 33 33 28 15 28 17 37 41 14 24 26 37 39 26 18 44 38 36 14 25 27 26 41 11 32 31 35 22 17 8 30 24 17 24 17 11 37 34 21 40 33 27 28 25 27 40
30 25 9 19 40 44 22 43 13 26 44 24 32 8 17 30 17 47 31 26 22 18 23 32 41 32 26 27 31 39 20 8 15 27 13 34 21 22 17 19 24 28 9 36 22 25 0 39 29 7 29 14 23 21 29 42 24 29 21 32 29 33 16 18 31 16 16 24 27 19 26 42 39 13 36 25 28 30 36 36 23 26 21 9 13 43 28 32 18 8 24 15 37 11 28 8 16 21 12 19
22 26 44 17 32 19 34 36 18 21 25 21 30 18 31 22 13 17 12 36 16 43 26 31 22 31 26 19 35 24 11 16 27 26 8 18 39 43 15 17 22 14 20 27 37 36 39 0 26 24 25 36 25 15 14 33 14 14 7 23 28 29 29 11 25 31 40 26 22 30 13 41 10 47 29 45 18 20 16 34 19 24 24 21 16 30 30 40 11 17 25 21 32 34 25 23 15 26 32 17
29 24 26 25 11 47 29 42 5 14 25 12 13 20 28 35 20 40 23 23 24 7 15 25 5 33 14 45 17 28 32 27 21 19 18 32 19 11 26 8 32 23 39 19 9 26 29 26 0 22 34 16 44 31 15 45 43 26 32 25 24 44 28 33 34 10 28 23 39 13 12 40 20 36 22 18 43 34 29 35 34 24 18 17 18 47 35 13 37 23 18 38 25 40 20 34 7 30 31 38
15 36 13 44 31 21 40 26 22 20 31 5 17 13 24 23 4 32 23 21 21 34 25 43 30 17 40 11 30 27 18 25 24 24 30 18 25 37 32 26 10 33 20 19 23 24 7 24 22 0 32 25 10 31 19 8 7 29 37 16 23 25 13 34 27 40 27 36 22 37 44 31 29 9 34 22 22 27 41 35 24 39 8 10 39 17 22 41 33 26 22 29 28 19 20 24 10 30 34 45
29 24 10 24 22 46 33 25 41 30 28 18 29 14 43 36 28 41 32 40 17 18 26 22 20 28 27 21 16 12 27 32 45 39 14 9 23 30 23 28 31 18 24 23 26 35 29 25 34 32 0 6 12 38 29 19 24 13 22 16 23 13 30 9 20 27 17 37 29 18 24 35 29 24 30 25 25 37 15 39 21 22 12 32 16 33 11 37 11 12 15 5 28 26 33 32 13 17 20 39
2 10 43 30 25 31 26 32 15 37 31 33 16 21 24 21 45 28 34 14 26 11 18 26 33 31 33 41 45 19 26 19 27 16 14 43 28 12 29 22 20 14 33 13 17 26 14 36 16 25 6 0 13 33 25 21 25 29 18 34 25 21 15 29 25 26 22 23 38 19 25 31 42 32 10 26 18 23 30 30 25 20 25 19 32 28 31 18 25 37 28 20 19 18 17 40 23 26 9 41
36 22 21 28 17 12 30 17 22 9 28 39 27 19 40 25 23 28 18 30 23 43 43 47 41 23 22 31 26 38 30 15 32 23 32 25 26 30 44 16 11 37 25 35 22 18 23 25 44 10 12 13 0 31 5 32 15 16 24 18 27 37 24 3 14 22 23 26 28 29 39 13 22 18 28 23 47 20 25 19 28 25 30 29 25 32 27 23 26 20 21 12 7 13 26 32 23 22 26 27
22 17 42 28 37 28 17 26 6 34 25 32 25 14 36 25 25 32 39 19 35 23 14 25 35 29 22 38 28 22 36 14 36 18 32 24 23 32 27 22 5 10 38 25 21 41 21 15 31 31 38 33 31 0 18 32 10 11 11 18 25 41 28 13 12 25 10 29 25 27 26 25 11 13 26 27 32 30 29 34 15 23 20 36 43 4 23 20 11 42 24 37 32 34 24 32 16 18 32 38
17 5 21 21 27 20 18 24 18 29 17 14 18 31 27 18 18 12 11 33 45 15 19 37 23 29 31 16 16 9 40 24 34 18 39 15 20 37 25 11 31 23 9 24 15 33 29 14 15 19 29 25 5 18 0 38 46 20 40 35 27 39 21 18 14 13 38 22 13 26 18 26 45 16 23 17 22 31 31 33 18 8 28 6 15 35 35 22 14 12 46 16 32 43 29 31 19 19 41 43
24 23 24 19 47 33 31 24 33 35 31 21 28 16 18 24 25 31 26 34 42 33 35 9 44 30 25 14 25 40 23 17 31 24 40 19 16 33 43 25 26 46 22 24 17 33 42 33 45 8 19 21 32 32 38 0 28 33 39 19 13 28 22 38 26 16 19 12 27 30 20 37 24 29 44 24 27 35 37 30 23 25 4 33 10 36 6 24 22 30 38 21 24 23 26 27 25 20 13 37
22 20 31 21 30 39 12 30 20 25 13 24 17 19 12 39 19 30 24 11 5 29 26 19 19 26 19 28 25 38 21 22 10 30 8 33 32 23 26 26 28 39 34 26 34 28 24 14 43 7 24 25 15 10 46 28 0 28 30 30 20 31 17 42 29 12 8 20 36 36 44 11 37 17 36 38 22 19 31 7 29 25 13 37 24 23 25 38 28 18 9 15 44 33 22 31 26 4 22 22
34 31 22 25 23 29 15 23 31 20 24 14 12 7 9 24 21 27 39 31 30 27 18 26 32 35 28 44 31 43 11 25 23 31 41 23 17 23 24 35 26 28 26 26 39 15 29 14 26 29 13 29 16 11 20 33 28 0 26 26 14 22 36 11 36 19 23 37 32 38 11 21 17 4 37 38 27 38 18 35 33 20 33 18 28 27 8 11 10 39 20 25 25 41 21 26 18 20 31 35
18 15 17 20 11 21 14 37 25 27 12 47 13 14 31 37 14 39 27 36 31 17 7 36 32 32 19 16 40 10 24 8 11 29 24 23 23 18 18 13 31 7 22 9 31 28 21 7 32 37 22 18 24 11 40 39 30 26 0 34 26 25 28 23 29 21 22 34 20 25 19 28 26 19 10 30 20 32 18 9 11 21 17 35 39 18 31 41 26 36 27 42 12 25 20 38 26 16 28 37
10 29 34 28 21 33 11 24 4 27 16 20 24 22 30 27 42 46 34 23 35 19 22 45 28 41 33 42 18 26 38 26 30 19 29 33 12 32 23 35 19 28 31 24 35 17 32 23 25 16 16 34 18 18 35 19 30 26 34 0 17 26 19 21 23 15 21 19 31 25 46 26 21 40 11 24 17 24 20 33 18 36 16 18 21 20 31 44 32 8 37 23 34 12 41 22 20 33 29 21
32 25 31 28 37 15 25 21 36 8 32 23 37 19 35 42 5 29 17 7 30 6 36 47 38 23 25 40 34 24 33 30 24 34 28 27 35 30 18 28 7 38 27 13 38 37 29 28 24 23 23 25 27 25 27 13 20 14 26 17 0 43 19 44 32 40 29 30 15 29 12 30 28 26 29 25 36 26 30 23 23 18 30 12 33 31 14 42 20 40 11 24 42 11 18 35 21 41 31 23
24 17 6 37 19 40 33 30 7 33 34 23 16 31 40 27 22 42 37 24 12 14 35 28 26 33 39 25 11 22 29 26 12 39 43 39 44 9 30 35 14 15 13 16 26 41 33 29 44 25 13 21 37 41 39 28 31 22 25 26 43 0 28 27 16 41 20 29 48 20 32 18 16 35 26 40 22 28 48 14 28 19 33 35 22 23 12 14 25 36 34 3 43 21 18 6 12 5 18 25
32 33 35 26 5 45 28 30 17 30 33 40 13 12 43 17 18 6 27 24 20 31 8 23 13 20 29 22 12 32 29 15 28 11 16 30 11 34 37 19 18 34 26 30 30 14 16 29 28 13 30 15 24 28 21 22 17 36 28 19 19 28 0 19 28 10 16 24 24 22 18 34 35 30 22 20 18 15 30 14 42 20 45 41 38 35 23 15 25 27 22 39 36 34 39 42 11 10 14 34
24 13 29 37 33 40 34 44 10 26 26 23 26 37 31 29 19 24 26 10 17 15 39 16 22 32 27 24 27 29 13 42 25 7 12 22 39 21 40 31 23 25 41 13 11 24 18 11 33 34 9 29 3 13 18 38 42 11 23 21 44 27 19 0 34 29 8 23 13 19 21 21 20 10 34 40 44 27 28 10 40 20 29 19 21 12 24 14 34 22 18 14 22 22 26 28 25 30 33 16
32 39 29 27 18 24 28 35 11 30 24 32 39 11 38 17 26 18 39 25 20 25 27 16 23 20 23 11 26 20 28 26 7 16 39 7 24 25 30 26 18 17 44 10 20 26 31 25 34 27 20 25 14 12 14 26 29 36 29 23 32 16 28 34 0 25 38 21 31 33 16 24 6 15 33 17 11 18 25 6 47 17 30 14 23 31 24 17 19 14 28 16 40 28 27 38 26 24 39 8
23 12 15 35 10 14 22 27 12 25 42 15 16 41 29 36 26 30 20 46 29 5 14 37 17 27 15 31 33 22 24 33 22 11 21 16 35 30 17 22 33 13 6 25 31 37 16 31 10 40 27 26 22 25 13 16 12 19 21 15 40 41 10 29 25 0 20 25 25 34 15 26 35 11 34 42 14 29 31 37 12 24 26 26 25 43 6 18 21 39 28 31 20 36 21 37 37 28 28 8
21 18 28 20 30 22 25 41 18 5 41 9 13 11 28 19 23 33 24 37 46 29 22 25 33 26 19 15 26 36 24 35 19 11 30 13 7 39 22 27 24 29 36 32 25 39 16 40 28 27 17 22 23 10 38 19 8 23 22 21 29 20 16 8 38 20 0 19 20 18 11 32 17 30 35 28 34 16 18 14 11 27 29 30 19 28 43 11 16 32 22 10 8 19 24 19 29 30 22 21
23 43 29 26 27 12 21 17 33 31 3 12 11 12 21 28 34 33 20 28 38 19 35 22 36 31 40 30 18 8 29 15 32 45 28 42 32 33 13 19 28 14 10 29 24 26 24 26 23 36 37 23 26 29 22 12 20 37 34 19 30 29 24 23 21 25 19 0 17 27 41 23 24 33 36 39 8 25 9 26 43 13 26 14 17 30 36 22 23 33 23 10 27 23 7 15 17 22 15 24
19 10 41 11 33 35 43 25 26 26 29 40 30 41 25 27 41 14 13 2 29 38 21 32 18 21 19 41 9 30 30 36 43 30 31 18 28 33 24 19 8 16 17 25 20 18 27 22 39 22 29 38 28 25 13 27 36 32 20 31 15 48 24 13 31 25 20 17 0 35 30 29 30 27 31 20 29 36 35 20 15 20 13 18 27 14 18 23 19 28 31 26 22 35 36 26 24 32 27 22
25 20 26 40 48 9 24 36 16 39 19 22 22 39 17 18 47 33 28 32 29 29 26 26 23 33 39 41 16 30 33 17 32 27 7 15 25 31 25 24 22 30 19 17 18 44 19 30 13 37 18 19 29 27 26 30 36 38 25 25 29 20 22 19 33 34 18 27 35 0 44 29 36 32 21 22 7 25 36 29 40 36 12 14 22 28 23 24 12 38 18 16 32 17 32 17 33 9 34 7
29 29 20 36 6 19 28 27 15 24 42 22 25 25 32 30 15 14 46 29 26 29 21 28 15 40 37 21 19 26 14 19 17 27 29 28 26 26 13 31 33 26 31 38 23 38 26 13 12 44 24 25 39 26 18 20 44 11 19 46 12 32 18 21 16 15 11 41 30 44 0 22 26 22 19 18 32 9 9 17 29 30 30 39 23 4 21 26 37 20 18 3 20 37 40 15 35 34 31 28
2 26 22 20 33 13 29 25 38 27 13 28 43 15 14 23 18 39 18 24 18 36 39 41 23 26 34 16 36 37 27 30 34 30 37 34 18 28 22 19 23 27 36 18 17 36 42 41 40 31 35 31 13 25 26 37 11 21 28 26 30 18 34 21 24 26 32 23 29 29 22 0 24 8 44 14 35 17 18 35 15 34 12 12 7 31 14 32 37 18 27 38 17 25 25 29 21 15 30 17
12 27 29 17 36 33 40 18 23 37 28 18 27 17 22 27 36 7 29 17 36 4 32 14 29 23 38 23 2 21 22 31 17 9 6 20 41 21 9 24 13 27 33 11 23 14 39 10 20 29 29 42 22 11 45 24 37 17 26 21 28 16 35 20 6 35 17 24 30 36 26 24 0 31 17 23 26 38 30 32 42 20 13 47 33 26 24 16 28 20 8 23 33 29 20 18 11 28 13 27
22 29 19 25 40 28 3 27 34 20 10 31 23 31 22 20 22 13 46 41 23 25 5 19 29 16 24 18 27 9 25 30 35 22 25 13 33 36 28 17 41 30 20 30 38 25 13 47 36 9 24 32 18 13 16 29 17 4 19 40 26 35 30 10 15 11 30 33 27 32 22 8 31 0 34 18 20 26 28 34 33 31 20 23 22 14 24 21 19 18 14 35 5 29 28 24 30 17 23 27
47 23 24 26 20 23 19 29 30 26 19 24 15 17 27 13 19 42 19 11 27 18 13 33 25 27 26 38 10 25 24 17 9 25 29 26 15 22 33 24 27 14 28 27 28 27 36 29 22 34 30 10 28 26 23 44 36 37 10 11 29 26 22 34 33 34 35 36 31 21 19 44 17 34 0 26 31 31 33 19 14 22 24 29 22 38 31 28 38 8 26 17 40 40 37 40 39 24 21 8
15 23 5 31 23 11 29 25 25 28 6 29 6 18 8 8 20 20 21 33 38 28 3 21 13 33 41 32 20 28 27 12 12 13 10 19 30 27 25 30 38 23 22 42 19 26 25 45 18 22 25 26 23 27 17 24 38 38 30 24 25 40 20 40 17 42 28 39 20 22 18 14 23 18 26 0 39 23 40 7 23 22 23 27 26 19 35 12 28 32 17 16 5 17 16 48 15 15 17 22
29 25 24 32 40 18 45 29 10 20 34 37 35 41 13 36 23 28 29 36 25 42 31 27 26 12 33 21 38 14 19 19 42 32 27 21 16 44 28 10 34 22 19 8 34 41 28 18 43 22 25 18 47 32 22 27 22 27 20 17 36 22 18 44 11 14 34 8 29 7 32 35 26 20 31 39 0 44 22 16 10 28 20 16 24 11 24 14 36 44 22 26 21 39 25 39 26 40 24 36
33 23 40 27 27 6 20 4 23 41 26 28 28 17 26 28 43 27 22 28 31 26 28 13 44 21 8 26 18 25 10 17 35 20 40 21 18 27 20 23 20 14 19 10 21 11 30 20 34 27 37 23 20 30 31 35 19 38 32 24 26 28 15 27 18 29 16 25 36 25 9 17 38 26 31 23 44 0 28 21 30 17 6 17 16 24 31 16 10 31 15 42 20 30 29 41 20 8 44 24
19 30 28 26 25 27 25 27 31 18 12 29 29 42 34 14 46 9 22 40 33 22 16 30 16 11 29 31 26 21 14 43 21 35 32 31 31 37 17 9 13 24 35 13 22 32 36 16 29 41 15 30 25 29 31 37 31 18 18 20 30 48 30 28 25 31 18 9 35 36 9 18 30 28 33 40 22 28 0 27 28 38 11 12 41 28 24 40 19 20 27 4 21 4 48 5 26 38 25 34
20 18 32 31 23 20 14 23 39 32 21 23 27 41 28 38 19 8 17 14 31 25 6 36 36 29 30 21 38 22 10 23 31 20 37 20 13 15 30 11 30 24 23 20 28 31 36 34 35 35 39 30 19 34 33 30 7 35 9 33 23 14 14 10 6 37 14 26 20 29 17 35 32 34 19 7 16 21 27 0 21 42 33 25 24 33 22 32 11 11 17 30 25 14 27 25 20 28 36 18
9 21 35 21 15 18 39 43 32 24 46 17 22 40 28 23 33 26 11 23 22 39 37 13 37 9 20 32 18 23 25 24 24 31 27 35 12 10 41 21 38 15 30 41 23 35 23 19 34 24 21 25 28 15 18 23 29 33 11 18 23 28 42 40 47 12 11 43 15 40 29 15 42 33 14 23 10 30 28 21 0 34 13 23 27 34 31 45 35 31 39 40 27 26 42 32 39 22 35 22
35 27 21 37 6 18 17 18 20 40 40 24 47 22 20 12 6 24 27 27 38 14 26 46 11 40 22 30 9 26 16 18 32 32 27 16 30 22 13 17 45 10 8 7 22 22 26 24 24 39 22 20 25 23 8 25 25 20 21 36 18 19 20 20 17 24 27 13 20 36 30 34 20 31 22 22 28 17 38 42 34 0 20 3 31 27 30 30 15 28 16 17 30 10 36 13 31 27 22 18
12 16 7 20 20 26 12 13 37 35 12 21 26 22 20 22 18 28 37 39 22 28 16 31 32 44 27 5 29 26 22 26 9 12 22 31 23 22 25 9 30 31 33 26 28 17 21 24 18 8 12 25 30 20 28 4 13 33 17 16 30 33 45 29 30 26 29 26 13 12 30 12 13 20 24 23 20 6 11 33 13 20 0 35 31 38 22 27 20 22 32 36 31 10 19 28 44 23 27 23
39 22 13 22 33 27 36 15 13 16 29 29 43 40 37 32 7 15 21 29 20 19 22 45 20 21 27 30 18 22 20 37 34 9 11 11 24 37 20 31 44 39 9 19 26 8 9 21 17 10 32 19 29 36 6 33 37 18 35 18 12 35 41 19 14 26 30 14 18 14 39 12 47 23 29 27 16 17 12 25 23 3 35 0 19 20 37 21 33 5 35 21 17 11 12 28 37 24 15 39
32 11 42 30 19 25 35 20 26 46 13 15 12 39 25 36 8 18 26 9 34 23 11 20 28 26 22 29 20 23 25 13 39 25 29 37 34 3 26 22 23 44 17 37 35 30 13 16 18 39 16 32 25 43 15 10 24 28 39 21 33 22 38 21 23 25 19 17 27 22 23 7 33 22 22 26 24 16 41 24 27 31 31 19 0 37 10 3 24 34 39 35 32 40 26 21 30 25 29 6
29 26 47 21 14 15 30 7 19 27 19 20 23 35 31 30 17 37 25 13 36 28 7 23 34 24 33 11 23 16 12 14 41 23 17 31 12 14 36 30 21 35 29 31 12 24 43 30 47 17 33 28 32 4 35 36 23 27 18 20 31 23 35 12 31 43 28 30 14 28 4 31 26 14 38 19 11 24 28 33 34 27 38 20 37 0 33 11 26 32 21 26 18 2 17 36 25 20 29 16
29 38 24 35 9 43 32 18 27 43 37 32 29 23 21 22 20 5 32 32 22 37 8 16 36 15 13 15 45 11 28 5 17 23 23 12 39 34 35 26 18 18 27 22 41 17 28 30 35 22 11 31 27 23 35 6 25 8 31 31 14 12 23 24 24 6 43 36 18 23 21 14 24 24 31 35 24 31 24 22 31 30 22 37 10 33 0 41 30 12 16 35 41 19 14 24 22 34 31 14
24 15 36 23 12 24 22 26 32 20 42 25 38 33 12 22 22 9 24 22 28 29 31 30 23 10 32 27 23 12 26 36 21 12 16 23 19 29 24 19 36 16 9 24 18 24 32 40 13 41 37 18 23 20 22 24 38 11 41 44 42 14 15 14 17 18 11 22 23 24 26 32 16 21 28 12 14 16 40 32 45 30 27 21 3 11 41 0 25 33 28 26 20 21 11 41 23 35 18 19
38 24 9 30 23 30 25 30 41 43 25 13 33 18 9 41 43 22 36 30 21 5 17 26 9 36 28 30 28 28 15 27 29 17 23 10 21 26 32 22 30 20 25 25 23 17 18 11 37 33 11 25 26 11 14 22 28 10 26 32 20 25 25 34 19 21 16 23 19 12 37 37 28 19 38 28 36 10 19 11 35 15 20 33 24 26 30 25 0 19 35 14 8 16 33 21 17 22 18 14
33 28 12 29 32 38 37 21 34 25 27 14 9 42 30 23 17 15 39 29 15 28 24 24 27 32 18 44 17 9 29 7 20 4 28 39 43 28 21 31 38 29 26 20 32 11 8 17 23 26 12 37 20 42 12 30 18 39 36 8 40 36 27 22 14 39 32 33 28 38 20 18 20 18 8 32 44 31 20 11 31 28 22 5 34 32 12 33 19 0 40 18 33 13 11 24 41 17 19 11
27 27 23 10 27 26 42 28 13 20 31 38 26 15 20 27 12 26 22 14 27 36 40 21 10 26 20 42 27 24 35 37 18 24 16 33 8 16 29 13 20 19 14 12 21 37 24 25 18 22 15 28 21 24 46 38 9 20 27 37 11 34 22 18 28 28 22 23 31 18 18 27 8 14 26 17 22 15 27 17 39 16 32 35 39 21 16 28 35 40 0 24 27 18 24 45 46 36 25 21
31 30 27 35 36 18 41 4 40 16 17 44 28 36 16 29 25 29 30 25 32 26 34 17 33 39 26 8 27 22 26 25 45 7 21 31 18 20 26 22 21 20 20 29 10 34 15 21 38 29 5 20 12 37 16 21 15 25 42 23 24 3 39 14 16 31 10 10 26 16 3 38 23 35 17 16 26 42 4 30 40 17 36 21 35 26 35 26 14 18 24 0 24 19 26 38 9 23 32 15
25 17 26 16 29 23 25 19 17 25 25 17 25 23 26 28 21 23 28 42 27 28 28 28 17 17 3 15 34 22 37 28 28 27 46 24 11 12 42 24 35 28 37 18 44 21 37 32 25 28 28 19 7 32 32 24 44 25 12 34 42 43 36 22 40 20 8 27 22 32 20 17 33 5 40 5 21 20 21 25 27 30 31 17 32 18 41 20 8 33 27 24 0 44 25 29 21 40 21 32
32 32 14 29 39 28 23 41 23 26 35 30 12 27 16 33 25 17 21 13 11 24 41 17 25 31 16 23 26 32 13 22 15 7 24 22 43 43 27 38 10 39 26 44 41 40 11 34 40 19 26 18 13 34 43 23 33 41 25 12 11 21 34 22 28 36 19 23 35 17 37 25 29 29 40 17 39 30 4 14 26 10 10 11 40 2 19 21 16 13 18 19 44 0 26 32 42 30 7 6
38 26 23 21 16 36 21 7 5 39 27 14 39 41 22 12 18 35 27 38 22 33 14 33 31 20 16 33 15 29 17 41 33 25 14 37 17 32 40 28 31 27 31 37 38 33 28 25 20 20 33 17 26 24 29 26 22 21 20 41 18 18 39 26 27 21 24 7 36 32 40 25 20 28 37 16 25 29 48 27 42 36 19 12 26 17 14 11 33 11 24 26 25 26 0 33 45 32 15 19
28 31 38 31 31 36 18 8 23 37 37 26 25 47 20 18 13 45 9 32 41 32 23 28 24 23 12 16 30 37 30 4 34 19 13 10 24 35 11 25 25 35 21 18 39 27 8 23 34 24 32 40 32 32 31 27 31 26 38 22 35 6 42 28 38 37 19 15 26 17 15 29 18 24 40 48 39 41 5 25 32 13 28 28 21 36 24 41 21 24 45 38 29 32 33 0 19 44 31 30
27 14 27 18 19 32 10 25 31 35 24 22 4 28 31 27 17 26 19 30 34 7 35 7 20 36 37 12 36 41 22 25 21 38 32 36 32 15 16 28 29 23 23 12 18 28 16 15 7 10 13 23 23 16 19 25 26 18 26 20 21 12 11 25 26 37 29 17 24 33 35 21 11 30 39 15 26 20 26 20 39 31 44 37 30 25 22 23 17 41 46 9 21 42 45 19 0 19 26 20
13 16 33 15 16 2 38 34 42 18 16 12 30 30 35 21 37 18 33 40 34 46 5 35 16 30 29 35 13 18 14 26 17 25 24 26 16 25 19 25 44 6 19 30 30 25 21 26 30 30 17 26 22 18 19 20 4 20 16 33 41 5 10 30 24 28 30 22 32 9 34 15 28 17 24 15 40 8 38 28 22 27 23 24 25 20 34 35 22 17 36 23 40 30 32 44 19 0 12 18
25 7 13 34 22 26 20 35 19 25 15 30 31 36 5 13 19 37 25 22 29 14 45 21 27 25 21 30 19 10 36 44 11 36 45 45 10 16 35 31 40 33 21 11 16 27 12 32 31 34 20 9 26 32 41 13 22 31 28 29 31 18 14 33 39 28 22 15 27 34 31 30 13 23 21 17 24 44 25 36 35 22 27 15 29 29 31 18 18 19 25 32 21 7 15 31 26 12 0 33
21 28 17 35 14 22 39 4 13 36 13 32 33 28 32 29 16 28 17 29 38 32 3 7 25 32 29 18 18 41 23 25 15 21 37 19 36 22 40 14 38 25 31 17 12 40 19 17 38 45 39 41 27 38 43 37 22 35 37 21 23 25 34 16 8 8 21 24 22 7 28 17 27 27 8 22 36 24 34 18 22 18 23 39 6 16 14 19 14 11 21 15 32 6 19 30 20 18 33 0
